long	lat	bio01	bio02	bio03	bio04	bio05	bio06	bio07	bio08	bio09	bio10	bio11	bio12	bio13	bio14	bio15	bio16	bio17	bio18	bio19	srtm	ndvi	ndvistd	qscat	tree
-91.480833	44.7525	6.83333349227905	11.8499994277954	26.569507598877	1178.01904296875	28.2999992370605	-16.2999992370605	44.5999984741211	20.6000003814697	-8.56666660308838	20.6000003814697	-8.56666660308838	807	110	18	51.070873260498	315	72	315	72	289	8381	2320	-922	28
-70.416389	44.982778	3.60833334922791	11.8833332061768	28.9837398529053	1046.46118164062	23.5	-17.5	41	16.1333332061768	-8.61666679382324	16.1333332061768	-9.75	1113	112	69	13.8787822723389	315	228	315	244	542	9266	2885	-1004	77
-70.438889	44.990278	3.60416674613953	11.8416662216187	28.811840057373	1049.40991210938	23.6000003814697	-17.5	41.0999984741211	16.1666660308838	-8.66666698455811	16.1666660308838	-9.80000019073486	1099	110	67	14.4505548477173	314	222	314	239	515	8610	3100	-997	76
-91.480833	44.7525	6.83333349227905	11.8499994277954	26.569507598877	1178.01904296875	28.2999992370605	-16.2999992370605	44.5999984741211	20.6000003814697	-8.56666660308838	20.6000003814697	-8.56666660308838	807	110	18	51.070873260498	315	72	315	72	289	8381	2320	-922	28
-91.480833	44.7525	6.83333349227905	11.8499994277954	26.569507598877	1178.01904296875	28.2999992370605	-16.2999992370605	44.5999984741211	20.6000003814697	-8.56666660308838	20.6000003814697	-8.56666660308838	807	110	18	51.070873260498	315	72	315	72	289	8381	2320	-922	28
-88.935	48.301667	3.09999990463257	9.19999980926514	24.2105255126953	1006.67315673828	21.5	-16.5	38	14.8666667938232	-4.34999990463257	14.8666667938232	-9.73333358764648	699	82	28	33.2694244384766	243	100	243	118	186	8622	2719	-1891	59
-88.935	48.301667	3.09999990463257	9.19999980926514	24.2105255126953	1006.67315673828	21.5	-16.5	38	14.8666667938232	-4.34999990463257	14.8666667938232	-9.73333358764648	699	82	28	33.2694244384766	243	100	243	118	186	8622	2719	-1891	59
-88.935	48.301667	3.09999990463257	9.19999980926514	24.2105255126953	1006.67315673828	21.5	-16.5	38	14.8666667938232	-4.34999990463257	14.8666667938232	-9.73333358764648	699	82	28	33.2694244384766	243	100	243	118	186	8622	2719	-1891	59
-91.480833	44.7525	6.83333349227905	11.8499994277954	26.569507598877	1178.01904296875	28.2999992370605	-16.2999992370605	44.5999984741211	20.6000003814697	-8.56666660308838	20.6000003814697	-8.56666660308838	807	110	18	51.070873260498	315	72	315	72	289	8381	2320	-922	28
-114.770935	55.285575	1.66249990463257	11.1416664123535	26.912239074707	1135.53979492188	21.3999996185303	-20	41.4000015258789	14.8000001907349	-4.56666660308838	14.8000001907349	-13.1499996185303	494	94	16	66.3094177246094	251	58	251	63	581	6867	2045	-1111	1
-114.770935	55.285575	1.66249990463257	11.1416664123535	26.912239074707	1135.53979492188	21.3999996185303	-20	41.4000015258789	14.8000001907349	-4.56666660308838	14.8000001907349	-13.1499996185303	494	94	16	66.3094177246094	251	58	251	63	581	6867	2045	-1111	1
-114.770935	55.285575	1.66249990463257	11.1416664123535	26.912239074707	1135.53979492188	21.3999996185303	-20	41.4000015258789	14.8000001907349	-4.56666660308838	14.8000001907349	-13.1499996185303	494	94	16	66.3094177246094	251	58	251	63	581	6867	2045	-1111	1
-114.770935	55.285575	1.66249990463257	11.1416664123535	26.912239074707	1135.53979492188	21.3999996185303	-20	41.4000015258789	14.8000001907349	-4.56666660308838	14.8000001907349	-13.1499996185303	494	94	16	66.3094177246094	251	58	251	63	581	6867	2045	-1111	1
-114.770935	55.285575	1.66249990463257	11.1416664123535	26.912239074707	1135.53979492188	21.3999996185303	-20	41.4000015258789	14.8000001907349	-4.56666660308838	14.8000001907349	-13.1499996185303	494	94	16	66.3094177246094	251	58	251	63	581	6867	2045	-1111	1
-67.325582	45.594306	5.34166669845581	12.2333335876465	29.1965007781982	1049.35876464844	26	-15.8999996185303	41.9000015258789	-4.93333339691162	-2.20000004768372	17.9500007629395	-8.10000038146973	1133	112	68	11.1134691238403	312	250	278	268	132	7740	822	-1019	72
-95.549994	49.854417	2.07500004768372	11.6833333969116	23.3666667938232	1359.65991210938	25.2999992370605	-24.7000007629395	50	15.4499998092651	-13.1833333969116	17.783332824707	-15.8666667938232	627	101	15	56.6112327575684	274	62	266	66	320	7400	1362	-1143	39
-95.549994	49.854417	2.07500004768372	11.6833333969116	23.3666667938232	1359.65991210938	25.2999992370605	-24.7000007629395	50	15.4499998092651	-13.1833333969116	17.783332824707	-15.8666667938232	627	101	15	56.6112327575684	274	62	266	66	320	7400	1362	-1143	39
-95.549994	49.854417	2.07500004768372	11.6833333969116	23.3666667938232	1359.65991210938	25.2999992370605	-24.7000007629395	50	15.4499998092651	-13.1833333969116	17.783332824707	-15.8666667938232	627	101	15	56.6112327575684	274	62	266	66	320	7400	1362	-1143	39
-95.549994	49.854417	2.07500004768372	11.6833333969116	23.3666667938232	1359.65991210938	25.2999992370605	-24.7000007629395	50	15.4499998092651	-13.1833333969116	17.783332824707	-15.8666667938232	627	101	15	56.6112327575684	274	62	266	66	320	7400	1362	-1143	39
-95.549994	49.854417	2.07500004768372	11.6833333969116	23.3666667938232	1359.65991210938	25.2999992370605	-24.7000007629395	50	15.4499998092651	-13.1833333969116	17.783332824707	-15.8666667938232	627	101	15	56.6112327575684	274	62	266	66	320	7400	1362	-1143	39
-95.549994	49.854417	2.07500004768372	11.6833333969116	23.3666667938232	1359.65991210938	25.2999992370605	-24.7000007629395	50	15.4499998092651	-13.1833333969116	17.783332824707	-15.8666667938232	627	101	15	56.6112327575684	274	62	266	66	320	7400	1362	-1143	39
-95.549994	49.854417	2.07500004768372	11.6833333969116	23.3666667938232	1359.65991210938	25.2999992370605	-24.7000007629395	50	15.4499998092651	-13.1833333969116	17.783332824707	-15.8666667938232	627	101	15	56.6112327575684	274	62	266	66	320	7400	1362	-1143	39
-67.325582	45.594306	5.34166669845581	12.2333335876465	29.1965007781982	1049.35876464844	26	-15.8999996185303	41.9000015258789	-4.93333339691162	-2.20000004768372	17.9500007629395	-8.10000038146973	1133	112	68	11.1134691238403	312	250	278	268	132	7740	822	-1019	72
-67.325582	45.594306	5.34166669845581	12.2333335876465	29.1965007781982	1049.35876464844	26	-15.8999996185303	41.9000015258789	-4.93333339691162	-2.20000004768372	17.9500007629395	-8.10000038146973	1133	112	68	11.1134691238403	312	250	278	268	132	7740	822	-1019	72
-67.325582	45.594306	5.34166669845581	12.2333335876465	29.1965007781982	1049.35876464844	26	-15.8999996185303	41.9000015258789	-4.93333339691162	-2.20000004768372	17.9500007629395	-8.10000038146973	1133	112	68	11.1134691238403	312	250	278	268	132	7740	822	-1019	72
-67.325582	45.594306	5.34166669845581	12.2333335876465	29.1965007781982	1049.35876464844	26	-15.8999996185303	41.9000015258789	-4.93333339691162	-2.20000004768372	17.9500007629395	-8.10000038146973	1133	112	68	11.1134691238403	312	250	278	268	132	7740	822	-1019	72
-67.325582	45.594306	5.34166669845581	12.2333335876465	29.1965007781982	1049.35876464844	26	-15.8999996185303	41.9000015258789	-4.93333339691162	-2.20000004768372	17.9500007629395	-8.10000038146973	1133	112	68	11.1134691238403	312	250	278	268	132	7740	822	-1019	72
-67.325582	45.594306	5.34166669845581	12.2333335876465	29.1965007781982	1049.35876464844	26	-15.8999996185303	41.9000015258789	-4.93333339691162	-2.20000004768372	17.9500007629395	-8.10000038146973	1133	112	68	11.1134691238403	312	250	278	268	132	7740	822	-1019	72
-67.325582	45.594306	5.34166669845581	12.2333335876465	29.1965007781982	1049.35876464844	26	-15.8999996185303	41.9000015258789	-4.93333339691162	-2.20000004768372	17.9500007629395	-8.10000038146973	1133	112	68	11.1134691238403	312	250	278	268	132	7740	822	-1019	72
-67.325582	45.594306	5.34166669845581	12.2333335876465	29.1965007781982	1049.35876464844	26	-15.8999996185303	41.9000015258789	-4.93333339691162	-2.20000004768372	17.9500007629395	-8.10000038146973	1133	112	68	11.1134691238403	312	250	278	268	132	7740	822	-1019	72
-67.325582	45.594306	5.34166669845581	12.2333335876465	29.1965007781982	1049.35876464844	26	-15.8999996185303	41.9000015258789	-4.93333339691162	-2.20000004768372	17.9500007629395	-8.10000038146973	1133	112	68	11.1134691238403	312	250	278	268	132	7740	822	-1019	72
-67.325582	45.594306	5.34166669845581	12.2333335876465	29.1965007781982	1049.35876464844	26	-15.8999996185303	41.9000015258789	-4.93333339691162	-2.20000004768372	17.9500007629395	-8.10000038146973	1133	112	68	11.1134691238403	312	250	278	268	132	7740	822	-1019	72
-67.325582	45.594306	5.34166669845581	12.2333335876465	29.1965007781982	1049.35876464844	26	-15.8999996185303	41.9000015258789	-4.93333339691162	-2.20000004768372	17.9500007629395	-8.10000038146973	1133	112	68	11.1134691238403	312	250	278	268	132	7740	822	-1019	72
-67.325582	45.594306	5.34166669845581	12.2333335876465	29.1965007781982	1049.35876464844	26	-15.8999996185303	41.9000015258789	-4.93333339691162	-2.20000004768372	17.9500007629395	-8.10000038146973	1133	112	68	11.1134691238403	312	250	278	268	132	7740	822	-1019	72
-67.325582	45.594306	5.34166669845581	12.2333335876465	29.1965007781982	1049.35876464844	26	-15.8999996185303	41.9000015258789	-4.93333339691162	-2.20000004768372	17.9500007629395	-8.10000038146973	1133	112	68	11.1134691238403	312	250	278	268	132	7740	822	-1019	72
-67.325582	45.594306	5.34166669845581	12.2333335876465	29.1965007781982	1049.35876464844	26	-15.8999996185303	41.9000015258789	-4.93333339691162	-2.20000004768372	17.9500007629395	-8.10000038146973	1133	112	68	11.1134691238403	312	250	278	268	132	7740	822	-1019	72
-67.325582	45.594306	5.34166669845581	12.2333335876465	29.1965007781982	1049.35876464844	26	-15.8999996185303	41.9000015258789	-4.93333339691162	-2.20000004768372	17.9500007629395	-8.10000038146973	1133	112	68	11.1134691238403	312	250	278	268	132	7740	822	-1019	72
-67.325582	45.594306	5.34166669845581	12.2333335876465	29.1965007781982	1049.35876464844	26	-15.8999996185303	41.9000015258789	-4.93333339691162	-2.20000004768372	17.9500007629395	-8.10000038146973	1133	112	68	11.1134691238403	312	250	278	268	132	7740	822	-1019	72
-72.05	43.67	6.10833311080933	12.4333333969116	30.6239738464355	1009.57421875	26.2999992370605	-14.3000001907349	40.5999984741211	18.216667175293	-5.53333330154419	18.216667175293	-6.81666660308838	1031	102	67	13.4483203887939	289	208	289	219	350	8352	703	-972	0
-72.05	43.67	6.10833311080933	12.4333333969116	30.6239738464355	1009.57421875	26.2999992370605	-14.3000001907349	40.5999984741211	18.216667175293	-5.53333330154419	18.216667175293	-6.81666660308838	1031	102	67	13.4483203887939	289	208	289	219	350	8352	703	-972	0
-72.05	43.67	6.10833311080933	12.4333333969116	30.6239738464355	1009.57421875	26.2999992370605	-14.3000001907349	40.5999984741211	18.216667175293	-5.53333330154419	18.216667175293	-6.81666660308838	1031	102	67	13.4483203887939	289	208	289	219	350	8352	703	-972	0
-72.05	43.67	6.10833311080933	12.4333333969116	30.6239738464355	1009.57421875	26.2999992370605	-14.3000001907349	40.5999984741211	18.216667175293	-5.53333330154419	18.216667175293	-6.81666660308838	1031	102	67	13.4483203887939	289	208	289	219	350	8352	703	-972	0
-72.05	43.67	6.10833311080933	12.4333333969116	30.6239738464355	1009.57421875	26.2999992370605	-14.3000001907349	40.5999984741211	18.216667175293	-5.53333330154419	18.216667175293	-6.81666660308838	1031	102	67	13.4483203887939	289	208	289	219	350	8352	703	-972	0
-72.05	43.67	6.10833311080933	12.4333333969116	30.6239738464355	1009.57421875	26.2999992370605	-14.3000001907349	40.5999984741211	18.216667175293	-5.53333330154419	18.216667175293	-6.81666660308838	1031	102	67	13.4483203887939	289	208	289	219	350	8352	703	-972	0
-72.05	43.67	6.10833311080933	12.4333333969116	30.6239738464355	1009.57421875	26.2999992370605	-14.3000001907349	40.5999984741211	18.216667175293	-5.53333330154419	18.216667175293	-6.81666660308838	1031	102	67	13.4483203887939	289	208	289	219	350	8352	703	-972	0
-72.05	43.67	6.10833311080933	12.4333333969116	30.6239738464355	1009.57421875	26.2999992370605	-14.3000001907349	40.5999984741211	18.216667175293	-5.53333330154419	18.216667175293	-6.81666660308838	1031	102	67	13.4483203887939	289	208	289	219	350	8352	703	-972	0
-72.05	43.67	6.10833311080933	12.4333333969116	30.6239738464355	1009.57421875	26.2999992370605	-14.3000001907349	40.5999984741211	18.216667175293	-5.53333330154419	18.216667175293	-6.81666660308838	1031	102	67	13.4483203887939	289	208	289	219	350	8352	703	-972	0
-72.05	43.67	6.10833311080933	12.4333333969116	30.6239738464355	1009.57421875	26.2999992370605	-14.3000001907349	40.5999984741211	18.216667175293	-5.53333330154419	18.216667175293	-6.81666660308838	1031	102	67	13.4483203887939	289	208	289	219	350	8352	703	-972	0
-72.05	43.67	6.10833311080933	12.4333333969116	30.6239738464355	1009.57421875	26.2999992370605	-14.3000001907349	40.5999984741211	18.216667175293	-5.53333330154419	18.216667175293	-6.81666660308838	1031	102	67	13.4483203887939	289	208	289	219	350	8352	703	-972	0
-72.05	43.67	6.10833311080933	12.4333333969116	30.6239738464355	1009.57421875	26.2999992370605	-14.3000001907349	40.5999984741211	18.216667175293	-5.53333330154419	18.216667175293	-6.81666660308838	1031	102	67	13.4483203887939	289	208	289	219	350	8352	703	-972	0
-72.05	43.67	6.10833311080933	12.4333333969116	30.6239738464355	1009.57421875	26.2999992370605	-14.3000001907349	40.5999984741211	18.216667175293	-5.53333330154419	18.216667175293	-6.81666660308838	1031	102	67	13.4483203887939	289	208	289	219	350	8352	703	-972	0
-72.05	43.67	6.10833311080933	12.4333333969116	30.6239738464355	1009.57421875	26.2999992370605	-14.3000001907349	40.5999984741211	18.216667175293	-5.53333330154419	18.216667175293	-6.81666660308838	1031	102	67	13.4483203887939	289	208	289	219	350	8352	703	-972	0
-72.05	43.67	6.10833311080933	12.4333333969116	30.6239738464355	1009.57421875	26.2999992370605	-14.3000001907349	40.5999984741211	18.216667175293	-5.53333330154419	18.216667175293	-6.81666660308838	1031	102	67	13.4483203887939	289	208	289	219	350	8352	703	-972	0
-72.05	43.67	6.10833311080933	12.4333333969116	30.6239738464355	1009.57421875	26.2999992370605	-14.3000001907349	40.5999984741211	18.216667175293	-5.53333330154419	18.216667175293	-6.81666660308838	1031	102	67	13.4483203887939	289	208	289	219	350	8352	703	-972	0
-72.05	43.67	6.10833311080933	12.4333333969116	30.6239738464355	1009.57421875	26.2999992370605	-14.3000001907349	40.5999984741211	18.216667175293	-5.53333330154419	18.216667175293	-6.81666660308838	1031	102	67	13.4483203887939	289	208	289	219	350	8352	703	-972	0
-72.05	43.67	6.10833311080933	12.4333333969116	30.6239738464355	1009.57421875	26.2999992370605	-14.3000001907349	40.5999984741211	18.216667175293	-5.53333330154419	18.216667175293	-6.81666660308838	1031	102	67	13.4483203887939	289	208	289	219	350	8352	703	-972	0
-72.05	43.67	6.10833311080933	12.4333333969116	30.6239738464355	1009.57421875	26.2999992370605	-14.3000001907349	40.5999984741211	18.216667175293	-5.53333330154419	18.216667175293	-6.81666660308838	1031	102	67	13.4483203887939	289	208	289	219	350	8352	703	-972	0
-72.05	43.67	6.10833311080933	12.4333333969116	30.6239738464355	1009.57421875	26.2999992370605	-14.3000001907349	40.5999984741211	18.216667175293	-5.53333330154419	18.216667175293	-6.81666660308838	1031	102	67	13.4483203887939	289	208	289	219	350	8352	703	-972	0
-72.05	43.67	6.10833311080933	12.4333333969116	30.6239738464355	1009.57421875	26.2999992370605	-14.3000001907349	40.5999984741211	18.216667175293	-5.53333330154419	18.216667175293	-6.81666660308838	1031	102	67	13.4483203887939	289	208	289	219	350	8352	703	-972	0
-72.05	43.67	6.10833311080933	12.4333333969116	30.6239738464355	1009.57421875	26.2999992370605	-14.3000001907349	40.5999984741211	18.216667175293	-5.53333330154419	18.216667175293	-6.81666660308838	1031	102	67	13.4483203887939	289	208	289	219	350	8352	703	-972	0
-74.739173	43.683566	4.47499990463257	11.8999996185303	29.6758117675781	1018.81500244141	23.7999992370605	-16.2999992370605	40.0999984741211	15.6166667938232	-2.96666669845581	16.4833335876465	-8.55000019073486	1285	123	79	12.1497974395752	356	270	342	288	605	9105	2888	-968	75
-74.734783	43.683226	4.33750009536743	11.8583335876465	29.6458339691162	1017.18670654297	23.6000003814697	-16.3999996185303	40	15.4499998092651	-3.08333325386047	16.3166656494141	-8.68333339691162	1302	125	81	11.7501802444458	359	276	344	294	641	8972	2407	-968	72
-74.759585	43.703083	4.32916641235352	11.8083333969116	29.4472160339355	1023.28228759766	23.6000003814697	-16.5	40.0999984741211	15.5166664123535	-7.73333358764648	16.3500003814697	-8.76666641235352	1305	125	81	11.6564292907715	360	278	345	293	650	9008	2714	-974	75
-74.70853	43.673426	4.59583330154419	11.9083337783813	29.6965923309326	1017.47338867188	23.8999996185303	-16.2000007629395	40.0999984741211	6.5	-7.36666679382324	16.5833339691162	-8.41666698455811	1288	124	80	11.4776020050049	355	275	339	288	572	8759	2790	-974	75
-74.710294	43.66778	4.59583330154419	11.9083337783813	29.6965923309326	1017.47338867188	23.8999996185303	-16.2000007629395	40.0999984741211	6.5	-7.36666679382324	16.5833339691162	-8.41666698455811	1288	124	80	11.4776020050049	355	275	339	288	572	8759	2790	-974	75
-74.711413	43.664665	4.625	11.9333333969116	29.7589359283447	1018.00274658203	24	-16.1000003814697	40.0999984741211	6.53333330154419	-7.33333349227905	16.6333332061768	-8.38333320617676	1288	124	80	11.4978303909302	354	275	339	289	567	8646	3002	-974	70
-74.711066	43.665875	4.625	11.9333333969116	29.7589359283447	1018.00274658203	24	-16.1000003814697	40.0999984741211	6.53333330154419	-7.33333349227905	16.6333332061768	-8.38333320617676	1288	124	80	11.4978303909302	354	275	339	289	567	8646	3002	-974	70
-83.38	35.06	12.9416666030884	13.9666662216187	42.3232345581055	730.354309082031	29.2999992370605	-3.70000004768372	33	5.15000009536743	18.2333335876465	21.783332824707	3.76666665077209	1709	176	117	10.437707901001	474	386	416	450	656	8014	1187	-832	66
-83.38	35.06	12.9416666030884	13.9666662216187	42.3232345581055	730.354309082031	29.2999992370605	-3.70000004768372	33	5.15000009536743	18.2333335876465	21.783332824707	3.76666665077209	1709	176	117	10.437707901001	474	386	416	450	656	8014	1187	-832	66
-83.38	35.06	12.9416666030884	13.9666662216187	42.3232345581055	730.354309082031	29.2999992370605	-3.70000004768372	33	5.15000009536743	18.2333335876465	21.783332824707	3.76666665077209	1709	176	117	10.437707901001	474	386	416	450	656	8014	1187	-832	66
-83.38	35.06	12.9416666030884	13.9666662216187	42.3232345581055	730.354309082031	29.2999992370605	-3.70000004768372	33	5.15000009536743	18.2333335876465	21.783332824707	3.76666665077209	1709	176	117	10.437707901001	474	386	416	450	656	8014	1187	-832	66
-83.38	35.06	12.9416666030884	13.9666662216187	42.3232345581055	730.354309082031	29.2999992370605	-3.70000004768372	33	5.15000009536743	18.2333335876465	21.783332824707	3.76666665077209	1709	176	117	10.437707901001	474	386	416	450	656	8014	1187	-832	66
-83.38	35.06	12.9416666030884	13.9666662216187	42.3232345581055	730.354309082031	29.2999992370605	-3.70000004768372	33	5.15000009536743	18.2333335876465	21.783332824707	3.76666665077209	1709	176	117	10.437707901001	474	386	416	450	656	8014	1187	-832	66
-83.38	35.06	12.9416666030884	13.9666662216187	42.3232345581055	730.354309082031	29.2999992370605	-3.70000004768372	33	5.15000009536743	18.2333335876465	21.783332824707	3.76666665077209	1709	176	117	10.437707901001	474	386	416	450	656	8014	1187	-832	66
-83.38	35.06	12.9416666030884	13.9666662216187	42.3232345581055	730.354309082031	29.2999992370605	-3.70000004768372	33	5.15000009536743	18.2333335876465	21.783332824707	3.76666665077209	1709	176	117	10.437707901001	474	386	416	450	656	8014	1187	-832	66
-83.38	35.06	12.9416666030884	13.9666662216187	42.3232345581055	730.354309082031	29.2999992370605	-3.70000004768372	33	5.15000009536743	18.2333335876465	21.783332824707	3.76666665077209	1709	176	117	10.437707901001	474	386	416	450	656	8014	1187	-832	66
-83.38	35.06	12.9416666030884	13.9666662216187	42.3232345581055	730.354309082031	29.2999992370605	-3.70000004768372	33	5.15000009536743	18.2333335876465	21.783332824707	3.76666665077209	1709	176	117	10.437707901001	474	386	416	450	656	8014	1187	-832	66
-83.38	35.06	12.9416666030884	13.9666662216187	42.3232345581055	730.354309082031	29.2999992370605	-3.70000004768372	33	5.15000009536743	18.2333335876465	21.783332824707	3.76666665077209	1709	176	117	10.437707901001	474	386	416	450	656	8014	1187	-832	66
-83.38	35.06	12.9416666030884	13.9666662216187	42.3232345581055	730.354309082031	29.2999992370605	-3.70000004768372	33	5.15000009536743	18.2333335876465	21.783332824707	3.76666665077209	1709	176	117	10.437707901001	474	386	416	450	656	8014	1187	-832	66
-83.38	35.06	12.9416666030884	13.9666662216187	42.3232345581055	730.354309082031	29.2999992370605	-3.70000004768372	33	5.15000009536743	18.2333335876465	21.783332824707	3.76666665077209	1709	176	117	10.437707901001	474	386	416	450	656	8014	1187	-832	66
-83.38	35.06	12.9416666030884	13.9666662216187	42.3232345581055	730.354309082031	29.2999992370605	-3.70000004768372	33	5.15000009536743	18.2333335876465	21.783332824707	3.76666665077209	1709	176	117	10.437707901001	474	386	416	450	656	8014	1187	-832	66
-83.38	35.06	12.9416666030884	13.9666662216187	42.3232345581055	730.354309082031	29.2999992370605	-3.70000004768372	33	5.15000009536743	18.2333335876465	21.783332824707	3.76666665077209	1709	176	117	10.437707901001	474	386	416	450	656	8014	1187	-832	66
-83.38	35.06	12.9416666030884	13.9666662216187	42.3232345581055	730.354309082031	29.2999992370605	-3.70000004768372	33	5.15000009536743	18.2333335876465	21.783332824707	3.76666665077209	1709	176	117	10.437707901001	474	386	416	450	656	8014	1187	-832	66
-83.38	35.06	12.9416666030884	13.9666662216187	42.3232345581055	730.354309082031	29.2999992370605	-3.70000004768372	33	5.15000009536743	18.2333335876465	21.783332824707	3.76666665077209	1709	176	117	10.437707901001	474	386	416	450	656	8014	1187	-832	66
-83.38	35.06	12.9416666030884	13.9666662216187	42.3232345581055	730.354309082031	29.2999992370605	-3.70000004768372	33	5.15000009536743	18.2333335876465	21.783332824707	3.76666665077209	1709	176	117	10.437707901001	474	386	416	450	656	8014	1187	-832	66
-83.38	35.06	12.9416666030884	13.9666662216187	42.3232345581055	730.354309082031	29.2999992370605	-3.70000004768372	33	5.15000009536743	18.2333335876465	21.783332824707	3.76666665077209	1709	176	117	10.437707901001	474	386	416	450	656	8014	1187	-832	66
-83.38	35.06	12.9416666030884	13.9666662216187	42.3232345581055	730.354309082031	29.2999992370605	-3.70000004768372	33	5.15000009536743	18.2333335876465	21.783332824707	3.76666665077209	1709	176	117	10.437707901001	474	386	416	450	656	8014	1187	-832	66
-83.38	35.06	12.9416666030884	13.9666662216187	42.3232345581055	730.354309082031	29.2999992370605	-3.70000004768372	33	5.15000009536743	18.2333335876465	21.783332824707	3.76666665077209	1709	176	117	10.437707901001	474	386	416	450	656	8014	1187	-832	66
-83.38	35.06	12.9416666030884	13.9666662216187	42.3232345581055	730.354309082031	29.2999992370605	-3.70000004768372	33	5.15000009536743	18.2333335876465	21.783332824707	3.76666665077209	1709	176	117	10.437707901001	474	386	416	450	656	8014	1187	-832	66
-71.24834	48.21127	1.50833332538605	10.6333332061768	23.8951301574707	1203.564453125	22.6000003814697	-21.8999996185303	44.5	14.5	-7.28333330154419	15.6333332061768	-14.1666669845581	1203	141	64	24.8618125915527	395	208	378	232	361	8756	3577	-1009	70
-71.21386	48.20507	1.47083342075348	10.5749998092651	23.764045715332	1202.49450683594	22.6000003814697	-21.8999996185303	44.5	14.4833335876465	-7.31666660308838	15.6166667938232	-14.1833333969116	1209	141	65	24.9059009552002	396	208	380	234	378	8412	3237	-997	67
-71.24658	48.20999	1.50833332538605	10.6333332061768	23.8951301574707	1203.564453125	22.6000003814697	-21.8999996185303	44.5	14.5	-7.28333330154419	15.6333332061768	-14.1666669845581	1203	141	64	24.8618125915527	395	208	378	232	361	8756	3577	-1009	70
-71.27568	48.22794	1.52499997615814	10.6999998092651	23.9373588562012	1206.50610351562	22.7000007629395	-22	44.7000007629395	14.5	-7.28333330154419	15.6333332061768	-14.216667175293	1181	140	63	26.5312652587891	394	196	372	228	348	9006	3278	-1009	70
-71.27634	48.22521	1.52499997615814	10.6999998092651	23.9373588562012	1206.50610351562	22.7000007629395	-22	44.7000007629395	14.5	-7.28333330154419	15.6333332061768	-14.216667175293	1181	140	63	26.5312652587891	394	196	372	228	348	9006	3278	-1009	70
-71.27622	48.22477	1.49166667461395	10.7166662216187	24.0284004211426	1206.41430664062	22.6000003814697	-22	44.5999984741211	14.4499998092651	-7.31666660308838	15.6166667938232	-14.2333335876465	1192	139	63	25.638011932373	395	202	373	230	353	8787	3328	-1013	68
-71.27514	48.22317	1.49166667461395	10.7166662216187	24.0284004211426	1206.41430664062	22.6000003814697	-22	44.5999984741211	14.4499998092651	-7.31666660308838	15.6166667938232	-14.2333335876465	1192	139	63	25.638011932373	395	202	373	230	353	8787	3328	-1013	68
-71.27328	48.22162	1.36666655540466	10.716667175293	24.0823974609375	1205.34851074219	22.5	-22	44.5	14.3333330154419	-7.43333339691162	15.533332824707	-14.3166666030884	1209	141	64	25.6835021972656	400	204	380	234	404	8833	3440	-1013	67
-71.25106	48.20907	1.47916674613953	10.6416664123535	23.9138584136963	1202.49450683594	22.6000003814697	-21.8999996185303	44.5	14.4333333969116	-7.30000019073486	15.6000003814697	-14.1833333969116	1204	140	64	25.0019664764404	396	207	378	232	369	8770	3260	-1013	63
-71.24239	48.20925	1.50833332538605	10.6333332061768	23.8951301574707	1203.564453125	22.6000003814697	-21.8999996185303	44.5	14.5	-7.28333330154419	15.6333332061768	-14.1666669845581	1203	141	64	24.8618125915527	395	208	378	232	361	8756	3577	-1009	70
-71.23843	48.20972	1.45833349227905	10.5833330154419	23.782772064209	1203.1357421875	22.6000003814697	-21.8999996185303	44.5	14.466667175293	-7.31666660308838	15.6000003814697	-14.1999998092651	1210	141	65	24.6188583374023	396	210	379	234	381	8832	3214	-1009	66
-71.23254	48.21103	1.38750004768372	10.591667175293	23.8014984130859	1204.30688476562	22.5	-22	44.5	14.3999996185303	-7.41666650772095	15.5666666030884	-14.2666664123535	1218	142	65	24.6478633880615	399	211	382	236	402	8832	3214	-1009	65
-71.22665	48.20909	1.38750004768372	10.591667175293	23.8014984130859	1204.30688476562	22.5	-22	44.5	14.3999996185303	-7.41666650772095	15.5666666030884	-14.2666664123535	1218	142	65	24.6478633880615	399	211	382	236	402	8832	3214	-1009	65
-71.22013	48.20111	1.37083339691162	10.5916662216187	23.8551044464111	1203.89611816406	22.5	-21.8999996185303	44.4000015258789	14.3833332061768	-7.44999980926514	15.5500001907349	-14.2666664123535	1223	143	66	24.8398895263672	401	211	385	237	410	8878	3454	-997	63
-71.20812	48.19819	1.53333353996277	10.5833330154419	23.8363361358643	1201.18371582031	22.6000003814697	-21.7999992370605	44.4000015258789	14.5333337783813	-7.26666688919067	15.6333332061768	-14.1166667938232	1202	140	65	24.9987812042236	394	206	379	233	358	8565	3319	-1006	72
-71.21273	48.20423	1.47083342075348	10.5749998092651	23.764045715332	1202.49450683594	22.6000003814697	-21.8999996185303	44.5	14.4833335876465	-7.31666660308838	15.6166667938232	-14.1833333969116	1209	141	65	24.9059009552002	396	208	380	234	378	8412	3237	-997	67
-71.20695	48.20495	1.54166686534882	10.5833330154419	23.7294464111328	1202.92797851562	22.7000007629395	-21.8999996185303	44.5999984741211	14.5666666030884	-7.25	15.6666669845581	-14.1333332061768	1200	140	65	24.9657783508301	394	206	377	233	354	8412	3237	-997	67
-70.88766	48.54978	1.66666674613953	10.9499998092651	23.8562107086182	1226.04748535156	23	-22.8999996185303	45.9000015258789	14.7333335876465	-7.19999980926514	15.8000001907349	-14.5	1125	138	58	26.9758777618408	378	185	361	224	214	8552	3312	-990	49
-70.89127	48.55083	1.51249992847443	10.9916667938232	23.9469871520996	1226.7216796875	22.8999996185303	-23	45.9000015258789	14.5833330154419	-7.34999990463257	15.6833333969116	-14.6500005722046	1143	139	60	26.6108474731445	382	189	365	227	253	8579	3280	-988	54
-70.89127	48.55083	1.51249992847443	10.9916667938232	23.9469871520996	1226.7216796875	22.8999996185303	-23	45.9000015258789	14.5833330154419	-7.34999990463257	15.6833333969116	-14.6500005722046	1143	139	60	26.6108474731445	382	189	365	227	253	8579	3280	-988	54
-70.89127	48.55083	1.51249992847443	10.9916667938232	23.9469871520996	1226.7216796875	22.8999996185303	-23	45.9000015258789	14.5833330154419	-7.34999990463257	15.6833333969116	-14.6500005722046	1143	139	60	26.6108474731445	382	189	365	227	253	8579	3280	-988	54
-70.89314	48.55242	1.53750002384186	11.0249996185303	23.9673919677734	1228.01232910156	23	-23	46	14.6166667938232	-7.34999990463257	15.6999998092651	-14.6500005722046	1141	139	60	26.6471538543701	381	189	364	226	242	8567	3361	-988	51
-70.89314	48.55242	1.53750002384186	11.0249996185303	23.9673919677734	1228.01232910156	23	-23	46	14.6166667938232	-7.34999990463257	15.6999998092651	-14.6500005722046	1141	139	60	26.6471538543701	381	189	364	226	242	8567	3361	-988	51
-70.89314	48.55242	1.53750002384186	11.0249996185303	23.9673919677734	1228.01232910156	23	-23	46	14.6166667938232	-7.34999990463257	15.6999998092651	-14.6500005722046	1141	139	60	26.6471538543701	381	189	364	226	242	8567	3361	-988	51
-70.89412	48.55421	1.53750002384186	11.0249996185303	23.9673919677734	1228.01232910156	23	-23	46	14.6166667938232	-7.34999990463257	15.6999998092651	-14.6500005722046	1141	139	60	26.6471538543701	381	189	364	226	242	8567	3361	-988	51
-71.70924	41.910554	8.79166698455811	11.25	31.0773487091064	910.86328125	27	-9.19999980926514	36.2000007629395	5.11666679382324	17.2000007629395	19.8166656494141	-2.54999995231628	1236	120	94	6.95795392990112	334	292	296	308	167	8848	1374	-894	81
-71.70924	41.910554	8.79166698455811	11.25	31.0773487091064	910.86328125	27	-9.19999980926514	36.2000007629395	5.11666679382324	17.2000007629395	19.8166656494141	-2.54999995231628	1236	120	94	6.95795392990112	334	292	296	308	167	8848	1374	-894	81
-71.70924	41.910554	8.79166698455811	11.25	31.0773487091064	910.86328125	27	-9.19999980926514	36.2000007629395	5.11666679382324	17.2000007629395	19.8166656494141	-2.54999995231628	1236	120	94	6.95795392990112	334	292	296	308	167	8848	1374	-894	81
-71.70924	41.910554	8.79166698455811	11.25	31.0773487091064	910.86328125	27	-9.19999980926514	36.2000007629395	5.11666679382324	17.2000007629395	19.8166656494141	-2.54999995231628	1236	120	94	6.95795392990112	334	292	296	308	167	8848	1374	-894	81
-91.25	47.366667	3.54999995231628	11.6833333969116	26.9201221466064	1128.3212890625	24.3999996185303	-19	43.4000015258789	16.75	-11.0166664123535	16.75	-11.0166664123535	757	100	19	45.1456260681152	289	81	289	81	375	8617	2815	-1004	70
-91.25	47.366667	3.54999995231628	11.6833333969116	26.9201221466064	1128.3212890625	24.3999996185303	-19	43.4000015258789	16.75	-11.0166664123535	16.75	-11.0166664123535	757	100	19	45.1456260681152	289	81	289	81	375	8617	2815	-1004	70
-91.25	47.366667	3.54999995231628	11.6833333969116	26.9201221466064	1128.3212890625	24.3999996185303	-19	43.4000015258789	16.75	-11.0166664123535	16.75	-11.0166664123535	757	100	19	45.1456260681152	289	81	289	81	375	8617	2815	-1004	70
-91.25	47.366667	3.54999995231628	11.6833333969116	26.9201221466064	1128.3212890625	24.3999996185303	-19	43.4000015258789	16.75	-11.0166664123535	16.75	-11.0166664123535	757	100	19	45.1456260681152	289	81	289	81	375	8617	2815	-1004	70
-91.25	47.366667	3.54999995231628	11.6833333969116	26.9201221466064	1128.3212890625	24.3999996185303	-19	43.4000015258789	16.75	-11.0166664123535	16.75	-11.0166664123535	757	100	19	45.1456260681152	289	81	289	81	375	8617	2815	-1004	70
-91.25	47.366667	3.54999995231628	11.6833333969116	26.9201221466064	1128.3212890625	24.3999996185303	-19	43.4000015258789	16.75	-11.0166664123535	16.75	-11.0166664123535	757	100	19	45.1456260681152	289	81	289	81	375	8617	2815	-1004	70
-91.25	47.366667	3.54999995231628	11.6833333969116	26.9201221466064	1128.3212890625	24.3999996185303	-19	43.4000015258789	16.75	-11.0166664123535	16.75	-11.0166664123535	757	100	19	45.1456260681152	289	81	289	81	375	8617	2815	-1004	70
-91.25	47.366667	3.54999995231628	11.6833333969116	26.9201221466064	1128.3212890625	24.3999996185303	-19	43.4000015258789	16.75	-11.0166664123535	16.75	-11.0166664123535	757	100	19	45.1456260681152	289	81	289	81	375	8617	2815	-1004	70
-111.69194	57.20889	0.241666704416275	12.1999998092651	24.7967491149902	1354.69519042969	23.3999996185303	-25.7999992370605	49.1999969482422	15.75	-6.55000019073486	15.75	-17.5166664123535	385	72	12	57.5601463317871	181	49	181	62	273	8047	2702	-1063	54
-111.69194	57.20889	0.241666704416275	12.1999998092651	24.7967491149902	1354.69519042969	23.3999996185303	-25.7999992370605	49.1999969482422	15.75	-6.55000019073486	15.75	-17.5166664123535	385	72	12	57.5601463317871	181	49	181	62	273	8047	2702	-1063	54
-111.38056	56.69778	0.85833328962326	11.8999996185303	24.7916660308838	1322.76879882812	23.6000003814697	-24.3999996185303	48	16	-5.58333349227905	16	-16.466667175293	435	78	17	61.1331329345703	212	52	212	57	295	6524	1848	-1001	68
-111.38056	56.69778	0.85833328962326	11.8999996185303	24.7916660308838	1322.76879882812	23.6000003814697	-24.3999996185303	48	16	-5.58333349227905	16	-16.466667175293	435	78	17	61.1331329345703	212	52	212	57	295	6524	1848	-1001	68
-111.69194	57.20889	0.241666704416275	12.1999998092651	24.7967491149902	1354.69519042969	23.3999996185303	-25.7999992370605	49.1999969482422	15.75	-6.55000019073486	15.75	-17.5166664123535	385	72	12	57.5601463317871	181	49	181	62	273	8047	2702	-1063	54
-111.73417	57.23972	0.187500059604645	12.1750001907349	24.7963333129883	1352.15673828125	23.2999992370605	-25.7999992370605	49.0999984741211	15.6666669845581	-6.65000009536743	15.6666669845581	-17.533332824707	386	72	12	58.2071189880371	182	47	182	61	292	8491	2872	-1053	72
-111.73417	57.23972	0.187500059604645	12.1750001907349	24.7963333129883	1352.15673828125	23.2999992370605	-25.7999992370605	49.0999984741211	15.6666669845581	-6.65000009536743	15.6666669845581	-17.533332824707	386	72	12	58.2071189880371	182	47	182	61	292	8491	2872	-1053	72
-111.73444	57.24806	0.183333456516266	12.1833333969116	24.7628726959229	1353.19372558594	23.3999996185303	-25.7999992370605	49.1999969482422	15.6666669845581	-6.65000009536743	15.6666669845581	-17.5666656494141	385	72	13	58.0200691223145	181	47	181	61	287	8159	2333	-1053	68
-111.73444	57.24806	0.183333456516266	12.1833333969116	24.7628726959229	1353.19372558594	23.3999996185303	-25.7999992370605	49.1999969482422	15.6666669845581	-6.65000009536743	15.6666669845581	-17.5666656494141	385	72	13	58.0200691223145	181	47	181	61	287	8159	2333	-1053	68
-111.73417	57.23972	0.187500059604645	12.1750001907349	24.7963333129883	1352.15673828125	23.2999992370605	-25.7999992370605	49.0999984741211	15.6666669845581	-6.65000009536743	15.6666669845581	-17.533332824707	386	72	12	58.2071189880371	182	47	182	61	292	8491	2872	-1053	72
-111.37528	56.42	0.499999970197678	11.6166667938232	25.3086414337158	1246.56066894531	22.2999992370605	-23.6000003814697	45.9000015258789	14.8833332061768	-12.8000001907349	14.8833332061768	-15.6666669845581	474	88	16	65.0508804321289	237	53	237	58	502	7798	2301	-1085	67
-111.44	56.74	0.629166662693024	11.9250001907349	24.6384296417236	1333.86047363281	23.5	-24.8999996185303	48.4000015258789	15.9000005722046	-5.96666669845581	15.9000005722046	-16.8500003814697	433	78	18	59.9626884460449	209	54	209	58	329	6716	2276	-1040	67
-111.44	56.74	0.629166662693024	11.9250001907349	24.6384296417236	1333.86047363281	23.5	-24.8999996185303	48.4000015258789	15.9000005722046	-5.96666669845581	15.9000005722046	-16.8500003814697	433	78	18	59.9626884460449	209	54	209	58	329	6716	2276	-1040	67
-111.44	56.74	0.629166662693024	11.9250001907349	24.6384296417236	1333.86047363281	23.5	-24.8999996185303	48.4000015258789	15.9000005722046	-5.96666669845581	15.9000005722046	-16.8500003814697	433	78	18	59.9626884460449	209	54	209	58	329	6716	2276	-1040	67
-111.44	56.74	0.629166662693024	11.9250001907349	24.6384296417236	1333.86047363281	23.5	-24.8999996185303	48.4000015258789	15.9000005722046	-5.96666669845581	15.9000005722046	-16.8500003814697	433	78	18	59.9626884460449	209	54	209	58	329	6716	2276	-1040	67
-111.44	56.74	0.629166662693024	11.9250001907349	24.6384296417236	1333.86047363281	23.5	-24.8999996185303	48.4000015258789	15.9000005722046	-5.96666669845581	15.9000005722046	-16.8500003814697	433	78	18	59.9626884460449	209	54	209	58	329	6716	2276	-1040	67
-111.44	56.74	0.629166662693024	11.9250001907349	24.6384296417236	1333.86047363281	23.5	-24.8999996185303	48.4000015258789	15.9000005722046	-5.96666669845581	15.9000005722046	-16.8500003814697	433	78	18	59.9626884460449	209	54	209	58	329	6716	2276	-1040	67
-111.44	56.74	0.629166662693024	11.9250001907349	24.6384296417236	1333.86047363281	23.5	-24.8999996185303	48.4000015258789	15.9000005722046	-5.96666669845581	15.9000005722046	-16.8500003814697	433	78	18	59.9626884460449	209	54	209	58	329	6716	2276	-1040	67
-111.44	56.74	0.629166662693024	11.9250001907349	24.6384296417236	1333.86047363281	23.5	-24.8999996185303	48.4000015258789	15.9000005722046	-5.96666669845581	15.9000005722046	-16.8500003814697	433	78	18	59.9626884460449	209	54	209	58	329	6716	2276	-1040	67
-111.44	56.74	0.629166662693024	11.9250001907349	24.6384296417236	1333.86047363281	23.5	-24.8999996185303	48.4000015258789	15.9000005722046	-5.96666669845581	15.9000005722046	-16.8500003814697	433	78	18	59.9626884460449	209	54	209	58	329	6716	2276	-1040	67
-111.44	56.74	0.629166662693024	11.9250001907349	24.6384296417236	1333.86047363281	23.5	-24.8999996185303	48.4000015258789	15.9000005722046	-5.96666669845581	15.9000005722046	-16.8500003814697	433	78	18	59.9626884460449	209	54	209	58	329	6716	2276	-1040	67
-111.44	56.74	0.629166662693024	11.9250001907349	24.6384296417236	1333.86047363281	23.5	-24.8999996185303	48.4000015258789	15.9000005722046	-5.96666669845581	15.9000005722046	-16.8500003814697	433	78	18	59.9626884460449	209	54	209	58	329	6716	2276	-1040	67
-78.210148	40.777297	8.05833339691162	10.6666669845581	30.739673614502	900.062683105469	25.7000007629395	-9	34.7000007629395	16.783332824707	-3.38333344459534	18.7666664123535	-3.38333344459534	1065	113	70	15.1818132400513	319	218	305	218	671	8875	3049	-880	85
-78.210148	40.777297	8.05833339691162	10.6666669845581	30.739673614502	900.062683105469	25.7000007629395	-9	34.7000007629395	16.783332824707	-3.38333344459534	18.7666664123535	-3.38333344459534	1065	113	70	15.1818132400513	319	218	305	218	671	8875	3049	-880	85
-78.210148	40.777297	8.05833339691162	10.6666669845581	30.739673614502	900.062683105469	25.7000007629395	-9	34.7000007629395	16.783332824707	-3.38333344459534	18.7666664123535	-3.38333344459534	1065	113	70	15.1818132400513	319	218	305	218	671	8875	3049	-880	85
-78.210148	40.777297	8.05833339691162	10.6666669845581	30.739673614502	900.062683105469	25.7000007629395	-9	34.7000007629395	16.783332824707	-3.38333344459534	18.7666664123535	-3.38333344459534	1065	113	70	15.1818132400513	319	218	305	218	671	8875	3049	-880	85
-78.210148	40.777297	8.05833339691162	10.6666669845581	30.739673614502	900.062683105469	25.7000007629395	-9	34.7000007629395	16.783332824707	-3.38333344459534	18.7666664123535	-3.38333344459534	1065	113	70	15.1818132400513	319	218	305	218	671	8875	3049	-880	85
-78.231172	40.776047	8.24166679382324	10.8500003814697	31.0888252258301	901.899108886719	26	-8.89999961853027	34.9000015258789	16.9833335876465	-3.23333311080933	18.966667175293	-3.23333311080933	1053	111	69	15.0414962768555	315	215	301	215	611	8777	3034	-906	78
-78.231172	40.776047	8.24166679382324	10.8500003814697	31.0888252258301	901.899108886719	26	-8.89999961853027	34.9000015258789	16.9833335876465	-3.23333311080933	18.966667175293	-3.23333311080933	1053	111	69	15.0414962768555	315	215	301	215	611	8777	3034	-906	78
-78.231172	40.776047	8.24166679382324	10.8500003814697	31.0888252258301	901.899108886719	26	-8.89999961853027	34.9000015258789	16.9833335876465	-3.23333311080933	18.966667175293	-3.23333311080933	1053	111	69	15.0414962768555	315	215	301	215	611	8777	3034	-906	78
-78.231172	40.776047	8.24166679382324	10.8500003814697	31.0888252258301	901.899108886719	26	-8.89999961853027	34.9000015258789	16.9833335876465	-3.23333311080933	18.966667175293	-3.23333311080933	1053	111	69	15.0414962768555	315	215	301	215	611	8777	3034	-906	78
-78.231172	40.776047	8.24166679382324	10.8500003814697	31.0888252258301	901.899108886719	26	-8.89999961853027	34.9000015258789	16.9833335876465	-3.23333311080933	18.966667175293	-3.23333311080933	1053	111	69	15.0414962768555	315	215	301	215	611	8777	3034	-906	78
-78.231172	40.776047	8.24166679382324	10.8500003814697	31.0888252258301	901.899108886719	26	-8.89999961853027	34.9000015258789	16.9833335876465	-3.23333311080933	18.966667175293	-3.23333311080933	1053	111	69	15.0414962768555	315	215	301	215	611	8777	3034	-906	78
-79.825683	38.628555	7.89166688919067	11.5166664123535	34.5845832824707	811.672912597656	24.5	-8.80000019073486	33.2999992370605	15.75	-2.28333330154419	17.6333332061768	-2.28333330154419	1268	126	92	9.54672241210938	357	289	338	289	1059	8995	1644	-882	78
-79.825683	38.628555	7.89166688919067	11.5166664123535	34.5845832824707	811.672912597656	24.5	-8.80000019073486	33.2999992370605	15.75	-2.28333330154419	17.6333332061768	-2.28333330154419	1268	126	92	9.54672241210938	357	289	338	289	1059	8995	1644	-882	78
-79.825683	38.628555	7.89166688919067	11.5166664123535	34.5845832824707	811.672912597656	24.5	-8.80000019073486	33.2999992370605	15.75	-2.28333330154419	17.6333332061768	-2.28333330154419	1268	126	92	9.54672241210938	357	289	338	289	1059	8995	1644	-882	78
-79.825683	38.628555	7.89166688919067	11.5166664123535	34.5845832824707	811.672912597656	24.5	-8.80000019073486	33.2999992370605	15.75	-2.28333330154419	17.6333332061768	-2.28333330154419	1268	126	92	9.54672241210938	357	289	338	289	1059	8995	1644	-882	78
-79.825683	38.628555	7.89166688919067	11.5166664123535	34.5845832824707	811.672912597656	24.5	-8.80000019073486	33.2999992370605	15.75	-2.28333330154419	17.6333332061768	-2.28333330154419	1268	126	92	9.54672241210938	357	289	338	289	1059	8995	1644	-882	78
-79.825683	38.628555	7.89166688919067	11.5166664123535	34.5845832824707	811.672912597656	24.5	-8.80000019073486	33.2999992370605	15.75	-2.28333330154419	17.6333332061768	-2.28333330154419	1268	126	92	9.54672241210938	357	289	338	289	1059	8995	1644	-882	78
-79.825683	38.628555	7.89166688919067	11.5166664123535	34.5845832824707	811.672912597656	24.5	-8.80000019073486	33.2999992370605	15.75	-2.28333330154419	17.6333332061768	-2.28333330154419	1268	126	92	9.54672241210938	357	289	338	289	1059	8995	1644	-882	78
-79.825683	38.628555	7.89166688919067	11.5166664123535	34.5845832824707	811.672912597656	24.5	-8.80000019073486	33.2999992370605	15.75	-2.28333330154419	17.6333332061768	-2.28333330154419	1268	126	92	9.54672241210938	357	289	338	289	1059	8995	1644	-882	78
-79.825683	38.628555	7.89166688919067	11.5166664123535	34.5845832824707	811.672912597656	24.5	-8.80000019073486	33.2999992370605	15.75	-2.28333330154419	17.6333332061768	-2.28333330154419	1268	126	92	9.54672241210938	357	289	338	289	1059	8995	1644	-882	78
-79.825683	38.628555	7.89166688919067	11.5166664123535	34.5845832824707	811.672912597656	24.5	-8.80000019073486	33.2999992370605	15.75	-2.28333330154419	17.6333332061768	-2.28333330154419	1268	126	92	9.54672241210938	357	289	338	289	1059	8995	1644	-882	78
